4294967278,219
4294967278,217
3143,6
3143,5
3143,4
3143,3
3143,2
3143,1
4294967279,293
4294967278,405
4294967279,296
3141,6
3141,5
3141,4
3141,3
3141,2
3141,1
4294967279,300
4294967279,311
4294967294,965
4294967279,156
4294967279,310
3139,6
3139,5
3139,4
3139,3
3139,2
3139,1
3137,6
3137,5
3137,4
3137,3
3137,2
3137,1
4294967279,207
4294967278,206
4294967279,289
3135,6
3135,5
3135,4
3135,3
3135,2
3135,1
4294967279,182
4294967278,179
4294967278,181
4294967279,181
4294967279,175
4294967278,172
4294967279,170
3133,6
3133,5
4294967279,169
3133,4
3133,3
3133,2
3133,1
4294967279,168
4294967279,294
4294967279,162
4294967294,1102
3131,6
3131,5
3131,4
3131,3
3131,2
3131,1
4294967278,445
4294967279,146
4294967294,400
4294967294,418
4294967294,1101
4294967294,414
4294967294,175
4294967294,403
4294967278,444
4294967294,38
4294967294,37
4294967294,36
4294967294,39
4294967294,900
4294967279,140
4294967279,138
4294967278,227
4294967294,40
4294967279,274
3128,4
3128,3
3128,2
3128,1
4294967279,449
3127,4
4294967279,503
3127,3
3127,2
3127,1
3126,4
3126,3
3126,2
3126,1
4294967279,264
3125,4
3125,3
3125,2
3125,1
3124,4
4294967279,259
3124,3
3124,2
3124,1
4294967279,306
4294967279,258
4294967279,257
3123,4
3123,3
3123,2
3123,1
4294967279,255
4294967278,252
4294967279,512
4294967278,251
3122,4
3122,3
3122,2
3122,1
3121,4
4294967279,511
3121,2
3121,1
4294967279,466
4294967278,312
4294967279,318
3120,4
4294967279,476
3120,2
3120,1
4294967278,247
3119,4
3119,2
3119,1
4294967278,246
4294967278,238
4294967279,232
3115,4
3115,3
3115,2
3115,1
4294967279,278
4294967278,452
4294967278,132
4294967278,131
4294967278,130
4294967278,129
4294967278,128
4294967278,127
4294967278,126
4294967278,125
4294967278,114
4294967278,113
4294967278,112
4294967278,110
4294967278,109
4294967278,108
4294967278,107
4294967278,106
4294967278,105
4294967278,95
4294967278,94
4294967278,93
4294967278,92
4294967278,89
4294967278,85
4294967278,84
4294967278,74
4294967278,67
4294967278,66
4294967278,65
4294967278,58
4294967278,57
4294967278,56
4294967278,55
4294967279,73
4294967279,72
4294967279,71
4294967279,70
4294967279,69
4294967279,68
4294967279,67
4294967279,66
4294967279,65
4294967279,64
4294967279,63
4294967279,62
4294967279,61
4294967279,60
4294967279,59
4294967279,58
4294967279,57
4294967279,56
4294967279,55
4294967279,54
4294967279,53
4294967279,52
4294967279,51
4294967279,50
4294967279,49
4294967279,48
4294967279,47
4294967279,46
4294967279,45
4294967279,44
4294967279,43
4294967279,42
4294967279,41
4294967279,40
4294967279,39
4294967279,38
4294967279,37
4294967279,36
4294967279,35
4294967279,34
4294967279,33
4294967279,32
4294967279,31
4294967279,30
4294967279,29
4294967279,28
4294967279,27
4294967279,26
4294967279,25
4294967279,24
4294967279,23
4294967279,22
4294967279,21
4294967279,20
4294967279,19
4294967279,18
4294967279,17
4294967279,16
4294967279,15
4294967279,14
4294967279,13
4294967279,12
4294967279,11
4294967279,10
4294967279,9
4294967279,8
4294967279,7
4294967279,6
4294967279,5
4294967279,4
4294967278,98
4294967294,5
4294967294,898
4294967294,0
4294967294,945
4294967294,81
4294967294,50
4294967294,92
4294967294,91
4294967294,90
4294967294,88
4294967294,87
4294967294,86
4294967294,85
4294967294,84
4294967294,947
4294967294,946
4294967294,29
4294967294,412
4294967294,28
4294967294,942
4294967294,27
4294967294,53
4294967294,45
4294967294,426
4294967294,44
4294967294,96
4294967294,94
4294967279,0
4294967294,9
4294967294,8
0,5
4294967294,423
4294967294,7
4294967294,6
4294967294,22
4294967294,93
4294967294,95
4294967294,17
4294967294,42
4294967294,67
4294967294,99
4294967294,76
4294967294,41
4294967294,43
4294967294,416
4294967294,51
4294967294,52
4294967294,25
4294967294,943
4294967294,26
4294967294,973
4294967294,82
4294967294,83
4294967294,1100
3114,4
3114,3
3114,2
3114,1
3113,4
3113,3
3113,2
3113,1
3112,4
3112,3
3112,2
3112,1
3111,4
3111,3
3111,2
3111,1
3110,4
3110,3
3110,2
3110,1
3109,4
3109,3
3109,2
3109,1
4294967294,396
4294967279,269
4294967279,288
4294967279,463
4294967279,284
4294967279,268
4294967278,443
4294967278,446
4294967278,250
4294967278,442
4294967278,239
4294967294,454
4294967278,237
4294967278,441
4294967278,144
4294967279,510
4294967278,223
4294967294,442
4294967278,439
4294967278,438
4294967279,154
4294967278,406
4294967278,435
4294967278,437
3093,4
3093,3
3093,2
3093,1
3092,4
3092,3
3092,2
3092,1
3091,4
3091,3
3091,2
3091,1
3090,4
3090,3
3090,2
3090,1
4294967278,455
4294967279,271
3089,4
3089,3
3089,2
3089,1
3088,4
3088,3
3088,2
3088,1
3087,4
3087,3
3087,2
3087,1
4294967278,236
4294967279,220
4294967279,218
3080,4
3080,3
3080,2
3080,1
4294967278,436
4294967278,205
4294967278,432
4294967278,430
4294967278,429
4294967294,469
4294967278,415
4294967278,428
4294967294,453
4294967279,241
4294967294,128
4294967294,179
4294967279,222
4294967279,208
4294967278,424
4294967279,198
4294967279,281
4294967279,279
3069,6
3069,5
3069,4
3069,3
3069,2
3069,1
4294967279,167
3067,6
3067,5
3067,4
3067,3
3067,2
3067,1
4294967279,262
3064,4
3064,3
3064,2
3064,1
3063,4
3063,3
3063,2
3063,1
3062,4
3062,3
3062,2
3062,1
3061,4
3061,3
3061,2
3061,1
3060,4
3060,3
3060,2
3060,1
3059,4
4294967278,261
3059,3
3059,2
3059,1
3058,4
3058,3
3058,2
3058,1
3057,4
3057,2
3057,1
4294967294,831
4294967294,459
4294967294,112
3056,4
3056,2
3056,1
3055,4
3055,2
3055,1
3054,4
3054,2
3054,1
3051,4
3051,3
3051,2
3051,1
4294967279,240
4294967279,488
4294967279,502
4294967278,418
4294967279,501
4294967278,207
4294967278,417
4294967279,569
4294967278,197
4294967278,416
4294967294,163
4294967278,187
4294967294,511
4294967294,183
4294967294,111
4294967294,113
4294967278,414
3050,6
3050,5
3050,4
3050,2
3050,1
4294967279,493
3048,6
3048,5
3048,4
3048,2
3048,1
3046,6
3046,5
3046,4
3046,2
3046,1
4294967278,220
4294967278,433
3044,6
3044,5
3044,4
3044,3
3044,2
3044,1
4294967278,191
3042,6
3042,5
3042,4
4294967278,189
3042,3
3042,2
3042,1
4294967278,488
4294967278,413
3040,6
3040,5
3040,4
3040,3
3040,2
3040,1
4294967278,156
4294967278,157
3038,6
3038,5
3038,4
3038,3
3038,2
3038,1
4294967278,136
4294967294,161
4294967294,902
3035,4
3035,3
3035,2
3035,1
4294967278,283
3034,4
3034,3
3034,2
3034,1
3033,4
3033,3
3033,2
3033,1
3032,4
3032,3
3032,2
3032,1
3031,4
3031,3
3031,2
3031,1
4294967279,448
3030,4
3030,3
3030,2
3030,1
3029,4
3029,3
3029,2
3029,1
4294967294,510
3022,4
3022,3
3022,2
3022,1
4294967279,505
4294967279,224
4294967279,468
4294967294,167
4294967294,471
4294967294,409
4294967279,276
4294967279,499
4294967279,566
4294967279,186
4294967293,131
4294967293,130
4294967293,129
4294967293,128
4294967293,127
4294967293,126
4294967293,125
4294967293,124
4294967293,123
4294967293,122
4294967293,121
4294967293,120
4294967293,119
4294967293,118
4294967293,117
4294967293,116
4294967293,115
4294967293,114
4294967293,113
4294967293,112
4294967293,111
4294967293,110
4294967293,109
4294967293,108
4294967293,107
4294967293,106
4294967293,105
4294967293,104
4294967293,103
4294967293,102
4294967293,101
4294967293,100
4294967293,99
4294967293,98
4294967293,97
4294967293,96
4294967293,95
4294967293,94
4294967293,93
4294967293,92
4294967293,91
4294967293,90
4294967293,89
4294967293,87
4294967293,86
4294967293,85
4294967293,84
4294967293,83
4294967293,82
4294967293,81
4294967293,80
4294967293,79
4294967293,78
4294967293,77
4294967293,76
4294967293,75
4294967293,74
4294967293,73
4294967293,72
4294967293,71
4294967293,70
4294967293,69
4294967293,68
4294967293,67
4294967293,66
4294967293,65
4294967293,64
4294967293,63
4294967293,62
4294967293,61
4294967293,60
4294967293,59
4294967293,58
4294967293,57
4294967293,56
4294967293,55
4294967293,54
4294967293,53
4294967293,52
4294967293,51
4294967293,50
4294967293,49
4294967293,48
4294967293,47
4294967293,46
4294967293,45
4294967293,44
4294967293,43
4294967293,42
4294967293,41
4294967293,40
4294967293,39
4294967293,38
4294967293,37
4294967293,36
4294967293,35
4294967293,34
4294967293,33
4294967293,32
4294967293,31
4294967293,30
4294967293,29
4294967293,28
4294967293,27
4294967293,26
4294967293,25
4294967293,24
4294967293,23
4294967293,22
4294967293,21
4294967293,20
4294967293,19
4294967293,18
4294967293,17
4294967293,16
4294967293,15
4294967293,14
4294967293,13
4294967293,12
4294967293,11
4294967293,10
4294967293,9
4294967293,8
4294967293,7
4294967293,6
4294967293,5
4294967293,4
4294967293,3
4294967278,48
4294967278,47
4294967278,46
4294967278,45
4294967278,44
4294967278,43
4294967278,42
4294967278,41
4294967279,507
4294967294,509
4294967279,497
4294967294,424
4294967278,167
4294967278,403
4294967279,506
4294967279,490
4294967279,145
3021,6
3021,5
4294967278,147
3021,4
3021,2
3021,1
4294967279,467
4294967279,453
3019,6
3019,5
3019,4
3019,2
3019,1
4294967279,551
4294967278,404
4294967294,904
4294967278,457
4294967278,402
3017,6
3017,5
3017,4
3017,2
3017,1
4294967279,470
4294967278,401
3015,6
3015,5
3015,4
3015,2
3015,1
3013,6
3013,5
3013,4
3013,2
3013,1
4294967278,400
4294967278,399
4294967279,297
4294967279,492
3011,6
3011,5
3011,4
3011,3
3011,2
3011,1
3009,6
3009,5
3009,4
3009,3
3009,2
3009,1
3006,4
3006,3
3006,2
3006,1
3005,4
3005,3
3005,2
3005,1
3004,4
4294967278,264
3004,3
3004,2
3004,1
4294967278,398
4294967279,267
3003,4
3003,3
3003,2
3003,1
4294967278,397
3002,4
3002,3
3002,2
3002,1
3001,4
3001,3
3001,2
3001,1
4294967279,256
3000,4
3000,3
3000,2
3000,1
4294967294,508
4294967278,396
4294967278,408
4294967278,395
4294967278,467
2993,4
2993,3
2993,2
2993,1
4294967279,457
4294967278,393
4294967278,392
4294967279,456
4294967278,456
4294967278,389
4294967279,481
4294967294,465
4294967294,467
4294967294,164
4294967278,388
4294967294,507
4294967279,491
4294967278,165
2992,6
2992,5
2992,4
2992,2
2992,1
4294967278,386
2990,6
2990,5
2990,4
2990,2
2990,1
4294967278,385
4294967279,523
4294967278,159
2988,6
2988,5
2988,4
2988,2
2988,1
4294967294,964
2986,6
2986,5
2986,4
2986,2
2986,1
2984,6
2984,5
2984,4
2984,3
2984,2
2984,1
4294967279,282
4294967279,554
4294967278,146
4294967278,180
2982,6
2982,5
2982,4
2982,3
2982,2
2982,1
4294967278,137
4294967278,384
4294967278,306
2980,6
2980,5
2980,4
2980,3
2980,2
2980,1
2977,4
2977,3
2977,2
2977,1
4294967294,119
4294967294,470
4294967294,407
4294967294,390
4294967279,133
2976,4
2976,3
2976,2
2976,1
2975,4
2975,3
2975,2
2975,1
2974,4
2974,3
2974,2
2974,1
2973,4
2973,3
2973,2
2973,1
2972,4
2972,3
2972,2
2972,1
2971,4
2971,3
2971,2
2971,1
2970,4
2970,2
2970,1
4294967278,450
2964,4
2964,3
2964,2
2964,1
4294967278,314
4294967278,310
4294967278,309
4294967279,489
4294967278,308
4294967294,457
4294967278,307
4294967294,144
4294967294,506
4294967278,182
4294967279,171
4294967278,170
4294967278,305
2963,6
2963,5
2963,4
2963,2
2963,1
2961,6
2961,5
2961,4
2961,2
2961,1
4294967279,461
2959,6
2959,5
2959,4
2959,2
2959,1
4294967294,463
4294967294,180
4294967279,575
2957,6
2957,5
2957,4
2957,2
2957,1
4294967294,182
4294967279,508
2955,6
2955,5
2955,4
2955,2
2955,1
2953,6
2953,5
2953,4
2953,2
2953,1
2951,6
2951,5
2951,4
2951,3
2951,2
2951,1
2948,4
2948,3
2948,2
2948,1
2947,4
2947,3
2947,2
2947,1
2946,4
2946,3
2946,2
2946,1
2945,4
2945,3
2945,2
2945,1
4294967294,830
2944,4
2944,3
2944,2
2944,1
2943,4
2943,3
2943,2
2943,1
2942,4
2942,3
2942,2
2942,1
4294967294,505
2941,4
2941,2
2941,1
2940,4
2940,3
2940,2
2940,1
2939,2
2939,1
2938,3
2938,2
2938,1
2937,3
2937,2
2937,1
2936,4
2936,2
2936,1
2935,4
2935,3
2935,2
2935,1
4294967279,564
2934,4
2934,3
2934,2
2934,1
4294967278,317
4294967278,301
4294967278,300
4294967278,299
4294967294,410
4294967294,108
4294967294,504
4294967278,298
4294967278,40
4294967278,39
4294967278,38
4294967278,37
4294967278,36
4294967278,35
4294967278,34
4294967278,33
4294967278,32
4294967278,31
4294967278,30
4294967278,29
4294967278,28
4294967278,27
4294967278,26
4294967278,25
4294967278,24
4294967278,23
4294967278,22
4294967278,21
4294967278,20
4294967278,19
4294967278,18
4294967278,17
4294967278,16
4294967278,15
4294967278,14
4294967278,13
4294967278,12
4294967278,11
4294967278,10
4294967278,9
4294967278,8
4294967278,7
4294967278,6
4294967278,5
4294967278,4
4294967279,132
4294967279,131
4294967279,130
4294967279,129
4294967279,126
4294967279,124
4294967279,123
4294967279,122
4294967279,121
4294967279,120
4294967279,119
4294967279,116
4294967279,114
4294967279,113
4294967279,112
4294967279,111
4294967279,110
4294967279,109
4294967279,106
4294967279,104
4294967279,103
4294967279,102
4294967279,101
4294967279,100
4294967279,99
4294967279,96
4294967279,94
4294967279,93
4294967279,92
4294967279,91
4294967279,90
4294967279,89
4294967279,87
4294967279,83
4294967279,80
4294967279,79
4294967279,78
4294967279,496
2933,6
2933,5
2933,4
2933,2
2933,1
4294967279,570
4294967278,234
4294967278,297
2931,6
2931,5
2931,4
2931,2
2931,1
4294967278,296
4294967278,295
2929,6
2929,5
2929,4
2929,2
2929,1
4294967279,565
4294967279,238
4294967279,237
4294967278,235
2927,6
4294967279,228
2927,5
2927,4
2927,2
2927,1
4294967278,319
4294967279,573
4294967278,292
2925,6
2925,5
2925,4
2925,3
2925,2
2925,1
2923,6
2923,5
2923,4
2923,3
2923,2
2923,1
4294967278,465
2921,6
2921,5
2921,4
2921,3
2921,2
2921,1
4294967279,562
4294967279,450
4294967278,290
2918,4
2918,3
2918,2
2918,1
2917,4
2917,3
2917,2
2917,1
2916,4
2916,3
2916,2
2916,1
2915,4
2915,3
2915,2
2915,1
4294967278,289
2914,4
2914,3
2914,2
2914,1
4294967294,417
4294967294,394
4294967294,109
2913,4
2913,3
2913,2
2913,1
2912,4
2912,3
2912,2
2912,1
2911,4
2911,2
2911,1
4294967294,910
4294967278,254
2910,4
4294967278,318
2910,2
2910,1
4294967278,288
4294967279,236
2909,4
2909,2
2909,1
2908,4
2908,3
2908,2
2908,1
4294967278,409
4294967278,248
4294967279,252
4294967279,249
4294967279,247
4294967278,245
2905,4
2905,3
2905,2
2905,1
4294967278,287
4294967278,286
4294967278,407
4294967279,574
4294967278,285
4294967278,155
2904,4
2904,3
2904,2
2904,1
2903,4
2903,3
2903,2
2903,1
2902,4
2902,3
2902,2
2902,1
2901,4
2901,3
2901,2
2901,1
4294967279,483
4294967279,555
4294967278,282
4294967279,452
4294967279,541
4294967279,451
4294967279,479
4294967294,940
4294967294,448
4294967279,572
4294967294,503
4294967279,86
4294967279,85
4294967279,219
4294967279,571
2900,6
2900,5
2900,4
2900,2
2900,1
4294967279,478
2898,6
2898,5
2898,4
2898,2
2898,1
4294967278,281
2896,6
2896,5
2896,4
2896,2
2896,1
4294967278,231
2894,6
2894,5
2894,4
2894,2
2894,1
4294967278,277
2892,6
2892,5
2892,4
2892,2
2892,1
4294967278,276
2890,6
2890,5
2890,4
2890,2
2890,1
2888,6
2888,5
2888,4
2888,3
2888,2
2888,1
4294967278,225
2885,4
2885,3
2885,2
2885,1
2884,4
2884,3
2884,2
2884,1
4294967294,913
2883,4
2883,3
2883,2
2883,1
2882,4
2882,3
2882,2
2882,1
2881,4
2881,3
2881,2
2881,1
2880,4
2880,3
2880,2
2880,1
2879,4
2879,3
2879,2
2879,1
4294967279,465
2872,4
2872,3
2872,2
2872,1
4294967278,275
4294967279,464
4294967278,500
4294967294,466
4294967294,472
4294967294,502
4294967278,274
4294967278,458
4294967278,303
4294967279,273
2871,6
2871,5
4294967278,267
2871,4
2871,2
2871,1
2869,6
2869,5
2869,4
2869,2
2869,1
4294967294,966
4294967294,162
4294967278,466
4294967278,270
2867,6
2867,5
2867,4
2867,2
2867,1
4294967279,545
2865,6
2865,5
2865,4
4294967279,193
2865,2
2865,1
4294967278,188
4294967278,186
4294967279,526
4294967278,176
2863,6
2863,5
2863,4
2863,2
2863,1
4294967279,455
4294967278,269
4294967279,454
2861,6
2861,5
2861,4
2861,3
2861,2
2861,1
4294967279,553
4294967294,1105
2859,6
2859,5
2859,4
2859,3
2859,2
2859,1
4294967279,556
4294967294,906
4294967279,549
4294967278,253
2856,4
2856,3
2856,2
2856,1
2855,4
2855,3
2855,2
2855,1
2854,4
2854,3
2854,2
2854,1
2853,4
2853,3
2853,2
2853,1
4294967278,243
2852,4
2852,3
2852,2
2852,1
2851,4
2851,3
2851,2
2851,1
4294967279,472
2850,4
4294967278,232
2850,3
2850,2
2850,1
4294967278,273
4294967278,230
4294967278,228
2849,4
2849,2
2849,1
2848,4
2848,2
2848,1
2847,2
2847,1
4294967279,214
4294967278,434
4294967279,213
4294967279,212
2846,3
2846,2
2846,1
4294967278,494
2844,4
2844,2
2844,1
4294967294,1099
4294967294,961
4294967278,204
4294967279,203
2843,4
2843,3
2843,2
2843,1
4294967294,468
4294967294,450
4294967279,543
4294967278,425
4294967278,266
4294967278,265
4294967279,550
4294967278,259
4294967278,498
4294967278,169
4294967278,168
4294967278,256
4294967278,511
4294967278,468
4294967294,501
4294967294,1104
4294967279,540
4294967278,279
4294967279,500
4294967278,510
2842,6
2842,5
2842,4
2842,2
2842,1
4294967278,509
4294967279,484
4294967278,233
2840,6
2840,5
2840,4
2840,2
2840,1
2838,6
2838,5
2838,4
2838,2
2838,1
4294967279,532
4294967279,204
4294967279,199
4294967278,198
2836,6
2836,5
2836,4
2836,2
2836,1
4294967278,192
4294967278,190
4294967279,187
4294967294,177
4294967294,385
4294967294,420
4294967294,405
4294967294,455
4294967294,184
2834,6
2834,5
2834,4
2834,2
2834,1
4294967279,161
4294967278,508
2832,6
2832,5
2832,4
2832,2
2832,1
4294967279,539
4294967278,148
4294967294,905
4294967279,547
2830,6
2830,5
2830,4
2830,3
2830,2
2830,1
2827,4
2827,3
2827,2
2827,1
2826,4
2826,3
2826,2
2826,1
2825,4
2825,3
2825,2
2825,1
2824,4
2824,3
2824,2
2824,1
4294967278,215
2823,4
2823,3
2823,2
2823,1
2822,4
2822,3
2822,2
2822,1
2821,4
2821,3
2821,2
2821,1
4294967279,230
4294967278,218
4294967278,216
4294967278,214
4294967278,211
4294967279,211
4294967278,210
4294967279,209
2814,4
2814,3
2814,2
2814,1
4294967279,206
4294967279,283
4294967278,203
4294967278,507
4294967279,544
4294967278,199
